2788
1392
3075
5674
8321
8662
4850
8083
2943
912
4549
7213
2005
8438
4408
6972
4973
2055
5634
86
9244
7345
5461
5269
7304
2447
9335
3277
4793
2212
2150
4502
5006
5892
7899
8530
369
134
3048
4017
4897
6476
9682
1179
7163
6026
4058
7310
6438
5013
647
7014
972
1177
3541
8279
8664
3303
4105
4439
7201
2448
2904
4942
4744
2248
9825
2283
1704
1348
3862
258
3608
370
5641
881
7391
8568
3926
2573
7989
3078
5772
4156
1076
9647
9446
3273
2509
8061
1340
9104
8485
6775
2019
6980
9694
8143
3267
8295
8595
9453
4463
1143
3478
6285
549
6546
3428
8408
4085
1272
6965
9092
5407
4321
2402
3350
7595*/
6864
4662
9051
7399
5655
6133
9493
3226
4095
942
7827
5851
6003
2364
2203
9050
2169
1325
6368
6897
3981
5417
5687
7236
7743
539
1982
6340
7471
1264
4198
1516
9764
7848
1149
4625
7680
2636
2307
2390
8488
4326
2408
2163
3553
602
6603
9008
110
1651
6364
9416
9184
9928
9081
4210
9325
2509
1093
1048
3650
5011
8253
7309
3346
2779
1301
8000
4968
4023
8997
4808
9103
995
589
1595
9846
228
5932
56
5754
9246
9330
9700
9697
125
4860*/
4773
1720
6617
1285
6048
2037
5427
8727
3674
9437
2531
8169
8690
5154
1490
9616
9465
6473
9548
5721
6216
620
1771
6622
7928
2437
7350
2225
4653
2388
368
2063
5943
7916
4377
3527
9513
3893
9137
8433
3457
7584
5393
5245
7844
7059
4049
2225
6593
9465
7313
5100
275
8596
1397
7937
7696
8004
5977
7730
6230
7636
2571
7932
4429
6678
7229
22
8036
6513
1514
355
2526
5958
9189
5
5642
9796
6254
5693
843
3906
4082
4433
6693
2156
5336
3764
1314
1404
4843
1866
576
1222
2629
7114
5521
3327
5914
8965
4442
1653
5013
4360
2103
2978
4228
65
8404
9587
9491
4263
6144
2872
2646
2430
224
9650
2039
1646
481
394
528
8217
4050
3967
1365
2474
9926
1515
2701
3601
5834
9034
6084
1531
15
8480
7723
2455
1531
9527
9711
1378
5094
7275
7478
6982
8413
3917
5429
6012
8922
4193
1939
2501
6102
1947
7594
9065
5407
6386
8118
1857
2013
5752
6668
9065
2109
1138
2268
3004
7760
880
5324
3205
7937
5044
892
8700
7591
5300
1480
501
9097
4732
4480
1023
7744
6664
6486
7956
1719
1264
6719
684
2660
7942
336
2022
353
5234
1491
268
2433
2012
8358
85
5113
4887
1933
960
8946
7193
3149
8632
6463
2157
31
3150
6852
6418
57
5620
8264
4478
6887
8562
462
1102
1310
6159
5340
8675
1118
9508
1250
46
9239
2980
6530
7909
8863
1929
5080
9809
5685
961
2686
5167
8155
8765
4520
6843
1184
2368
5724
1439
2990
309
1671
4292
4806
5002
6019
1787
781
1535
6110
6291
707
5107
1129
1496
9713
5594
9501
4089
7474
5510
6793
6860
4124
3344
1292
2954
5552
1816
9953
6194
2430
7984
7593
5772
7191
3414
9792
6406
935
9068
4818
8405
208
125
6309
3091
1660
1235
2954
3829
1752
4249
9887
966
6942
361
1585
5857
5726
5141
5831
8036
6985
6034
2322
4738
9303
1848
1004
1489
4670
5667
9139
6690
7725
6786
3704
5130
9443
7968
2108
4833
9907
5576
213
6955
3432
5411
1067
6664
6756
292
6713
8750
8955
9479
2678
2507
3024
849
8225
7532
8389
9133
158
1878
7135
1767
1571
1401
7371
2567
6130
8051
9584
511
8952
2184
1105
3888
86
3470
8333
9688
4299
9552
1920
4065
432
5041
1269
409
6988
1737
4098
9588
3187
8636
7805
9662
3151
817
583
1389
9810
2210
5714
1775
9015
920
1521
4725
9844
5221
2472
2171
274
8695
7083
9528
6238
1209
3096
9057
9270
5006
4494
505
7725
7727
1186
7619
7263
8730
8872
7331
3119
8657
9425
7713
601
2602
116
8958
448
6288
6049
1079
9481
6325
6016
6499
5503
6617
977
1195
49
2470
5864
8513
3114
2743
4910
75
1562
9793
9884
1370
7752
3678
4550
1981
6238
232
2518
4210
3333
9519
9393
5510
2940
4616
5765
3589
4549
3687
9648
2422
6698
906
5871
4663
3594
8533
7103
9345
4583
6709
7359
8576
4975
713
8639
6770
2642
9296
9536
9989
2017
3866
1026
6282
3581
4478
9641
3153
4116
8402
6850
5694
8554
9119
60
5140
2225
1192
1781
3539
6927
3706
6851
887
7812
2754
3308
1276
1815
7961
9653
3402
5979
5479
5559
8344
7061
9014
2342
4136
7921
2436
7772
402
7333
3772
7993
3518
2181
164
8940
8407
3358
477
9851
4236
6279
8682
6542
1987
1720
492
6645
2807
2174
1646
7495
6070
9769
8403
6107
1917
4771
2536
5754
6728
4556
788
4018
4129
8309
4151
1903
5723
6239
6542
6924
8411
5344
2977
496
9231
981
872
3070
7377
3926
2450
9718
7727
6301
704
5318
8379
2869
9071
3095
454
4715
6259
467
7958
7415
154
4395
922
5517
6392
5206
5723
2746
5352
5763
9978
9368
7261
6112
9275
7376
2644
5236
970
6744
4939
4227
9653
543
6020
3163
5303
5849
8407
1209
1511
9105
9002
4817
7308
5203
8166
6312
5777
8255
4806
1799
1216
5940
5601
5651
1815
4661
9039
724
3858
5255
3829
5027
749
2477
3602
2865
5716
2166
8176
1384
9351
4268
8372
9756
1521
614
1196
7229
7570
5427
378
4118
2559
5542
1359
1506
5885
108
5418
3580
4114
9562
1482
498
6268
2321
2602
7226
9656
5352
4856
1842
8898
7671
6165
3297
1195
446
4463
2044
8224
7084
5481
9982
714
9321
6006
1819
6526
4964
9393
6493
1010
6821
9508
60
1603
1
8225
4288
1576
2634
679
859
1829
2334
3702
5342
5313
5141
5287
1805
8011
1922
657
4510
6441
4659
372
1435
1346
4893
4047
9390
6125
6151
3033
5230
6874
2861
4508
2126
4217
807
8439
9339
7941
2169
9194
8324
734
5999
5316
6774
8611
6154
2253
9468
9123
6733
